-0.304560 0.212575 2.728912
-0.290664 0.554507 2.689121
-0.276444 0.886527 2.632266
-0.283308 1.023740 2.654253
-0.353228 0.761190 2.785403
-0.399772 0.465609 2.831604
-0.437424 0.196309 2.689196
-0.473212 -0.073479 2.586271
-0.267604 0.701043 2.507770
-0.370410 0.444415 2.499690
-0.488532 0.258867 2.523784
-0.492163 0.190949 2.547713
-0.321683 0.208150 2.714354
-0.283357 -0.204100 2.845345
-0.260204 -0.559955 2.881752
-0.359243 -0.601682 2.819018
-0.278679 0.210467 2.663274
-0.363008 -0.197985 2.643581
-0.327821 -0.597593 2.666393
-0.389642 -0.661084 2.643259
-0.279971 0.804955 2.649577
-0.475507 -0.120231 2.571426
-0.520852 -0.069691 2.581800
-0.506729 0.116489 2.579729
-0.442405 0.172804 2.525565 
